rsa_key:
[asn1-SEQUENCE:rsa_key]
version=INTEGER:0
modulus=INTEGER:299962175617872927568625124007374402258736442765900295960196931159745369393483234219
422877673753653494346966780649479532871876484434267264933324981237744329636125894442240179969976412
532265988810870423260069098638611304550152758185736056601461383940244843769845802344606999357573422
29420380261734352466088423432841107765827147376247194578763582916630508147146325427058371736896222
8175518893705521747587427927464457656872220182957838538455097727209264842708270614224648170849910183
74237589496850530699913393057166112170527847247326584652568438421321907545834620183762657879166886
11487555553753608658395885682503
pubExp=INTEGER:65537
privExp=INTEGER:2772203043934295424195785106225145317328642192559585275161058466055954702582233976102
164234663614932815609085485465532313968988678630664546853423062851581549668947766243404800217047468510089
30889111374928381150105232346627130698889038186025515128146125489194534584373376598086177484803396809
7330855248568813647368972367683014111799081103980550231848926139163056987271044766345568267827656204
69698292696911244733450315607073301679603059772686977044501700194171109829295070987131252355639727583
4704113023861139347535949173680476587198482990063116186955530079634255175160890948111192743087843472
4423911637123028609695348747325617
p=INTEGER:29883617823630425661196017993228063402736595402498944901762386799973751185111597912862087
27916847710983526052691323250889811489111727899766827469568139153506254222644429400794612644289768080
3143301461684992379502692443475761547931059996946985425762191247000953406599859078791133883050034475
11158213914104887960199214988714092767034623142244804882067186980689573676881285959089722075212351573
725953645532756110000829527750903543369350951779479909708812289947477373200607610229997502594871099769
12351273565550144449044937703297435658507201458123798206776075248548238249711627044143394953501863997
16136171457779649957
q=INTEGER:10038779
e1=INTEGER:137291819234498662778041836401531319791045212162404874416050572500294049113391294246308626
558718742340554645858917185021389101010555486975816402260138702981395975792317968808747545766001737
215896694554402818150307409419600371775614210937517749174084922207033772929913562765615535543292861366080
24647843845163536673060721872324324609186651327128004289677021274721786598161670351550253223134002816
0173867255341955745785714757727708092772747345491070852990259386163491100113728267299317931558705729133
278209919268278213814722954503693829290965307058648854113260937866637989083205772886922629081150872977
235044997731823969865
e2=INTEGER:4104691
coeff=INTEGER:239160251260883753721442563302871495331404216064469237997241856536817369672311964255048
553049869032745323077695232939258286166362305380006644243428760390908515307788210166024819131688255702
675796961906289280233035850898898376473657354471264997726731275933136523788482907078015883893595705
47264122915901739147447231792501283370621645156220845359159808403950670513061012844476957803777906163
0723792026508061513147498090391585336564712260816456944575307583851886752478928232147214418243088472
073557287015097814000403428809966695911928729191236674187650179669399002436145379563980685468364574483
2837623125870805167416224